#   1 NUMBER                 Running object number                                     
#   2 X_IMAGE                Object position along x                                    [pixel]
#   3 Y_IMAGE                Object position along y                                    [pixel]
#   4 BACKGROUND             Background at centroid position                            [count]
#   5 THRESHOLD              Detection threshold above background                       [count]
#   6 FLAGS                  Extraction flags                                          
#   7 ELONGATION             A_IMAGE/B_IMAGE                                           
#   8 ELLIPTICITY            1 - B_IMAGE/A_IMAGE                                       
#   9 CLASS_STAR             S/G classifier output                                     
#  10 FWHM_IMAGE             FWHM assuming a gaussian core                              [pixel]
#  11 FWHM_WORLD             FWHM assuming a gaussian core                              [deg]
         1    303.6395     74.6297     1709.796     36.03806   2   12.069    0.917  0.874     3.71 0.0008173231
         2    234.5967      1.9632     1710.939     36.03806  14    9.884    0.899  0.971     0.00            0
         3    448.8347      1.0000     1716.235     36.03806  14  444.885    0.998  0.962    67.66   0.01492295
         4    891.9905      1.0000     1703.605     36.03806  14   19.035    0.947  1.000     8.78  0.001936824
         5    960.5568      1.0000     1702.455     36.03806  14   37.316    0.973  1.000     0.00            0
         6    952.9969      1.0000     1702.588     36.03806  14    8.753    0.886  1.000     0.00            0
         7    971.9932      1.0000     1702.455     36.03806  14    3.086    0.676  1.000     0.00            0
         8    977.9936      1.0000     1702.455     36.03806  14    4.052    0.753  1.000     0.00            0
         9    995.5775      1.2377     1702.455     36.03806  14    5.085    0.803  1.000     0.00            0
        10    986.9238      1.0000     1702.455     36.03806  14    4.083    0.755  1.000     0.00            0
        11    412.1371     29.5749     1713.702     36.03806   0    1.070    0.066  0.983     3.57 0.0007878033
        12    173.3782     14.8680     1709.947     36.03806   0    1.254    0.203  0.595     3.87  0.000852658
        13   1204.0642      1.0000     1702.455     36.03806  10    6.901    0.855  0.998     8.07  0.001779461
        14   1217.6951      1.0000     1702.455     36.03806  10    3.492    0.714  0.998     5.43  0.001198549
        15   1211.5344      1.0000     1702.455     36.03806  10    3.121    0.680  0.998     6.67  0.001470368
        16   1224.9777      1.0000     1702.455     36.03806  10    2.923    0.658  0.999     5.90  0.001300898
        17   1267.5427      1.0000     1702.454     36.03806  10    2.119    0.528  0.999     5.14  0.001134433
        18   1262.9910      1.0000     1702.454     36.03806  10    2.118    0.528  0.854     4.52 0.0009958791
        19   1258.9965      1.0000     1702.454     36.03806  10    2.529    0.605  0.999     5.63  0.001241259
        20   1237.9954      1.0000     1702.454     36.03806  10    9.267    0.892  1.000    10.71   0.00236176
        21   1252.5110      1.0000     1702.454     36.03806  10    3.612    0.723  0.999     5.80  0.001279505
        22   1247.9865      1.0000     1702.454     36.03806  10    2.188    0.543  0.999     4.89  0.001078358
        23   1275.5668      1.0000     1702.454     36.03806  10   14.442    0.931  1.000    12.22  0.002695115
        24   1298.4978      1.0000     1702.453     36.03806  10    9.454    0.894  1.000    10.64  0.002345633
        25   1406.0122      1.3263     1701.374     36.03806  10   28.757    0.965  1.000    15.44  0.003406307
        26   1328.5135      1.0000     1702.453     36.03806  10    5.538    0.819  1.000     7.85  0.001730374
        27   1318.0044      1.0000     1702.453     36.03806  10    8.038    0.876  1.000     9.62   0.00212134
        28   1349.9980      1.0000     1702.364     36.03806  10    2.080    0.519  0.999     5.31  0.001170372
        29   1344.9858      1.0000     1702.453     36.03806  10    3.564    0.719  1.000     5.80  0.001279918
        30   1339.5068      1.0000     1702.453     36.03806  10    5.225    0.809  1.000     7.81  0.001722861
        31   1372.9824      1.0000     1701.958     36.03806  10    9.835    0.898  1.000    12.73  0.002808132
        32   1356.0100      1.0000     1702.258     36.03806  10    4.826    0.793  1.000     7.41  0.001633214
        33      9.5900      1.7853     1709.222     36.03806  14    1.722    0.419  0.971     0.00            0
        34    180.9985      1.0000     1710.188     36.03806  10   23.485    0.957  1.000     8.37  0.001845821
        35    146.0063      1.0000      1709.99     36.03806  10   31.106    0.968  1.000     9.64  0.002126153
        36     75.6370      1.0000     1709.594     36.03806  10  136.122    0.993  0.998    20.21  0.004456956
        37   1193.3575      1.3010     1702.455     36.03806  10    1.692    0.409  0.989     1.99 0.0004392781
        38   1189.3619      1.2066     1702.455     36.03806  10    1.962    0.490  0.996     3.98 0.0008783371
        39   1009.3537      1.3333     1702.455     36.03806  12    1.363    0.266  1.000     0.00            0
        40   1604.8838     32.6117     1698.883     36.03806   0    1.115    0.104  0.983     3.29 0.0007259571
        41   1025.4288     24.8520     1702.304     36.03806   0    1.333    0.250  0.924     2.48 0.0005474546
        42    666.0020     30.7312     1716.723     36.03806   0    1.176    0.150  0.648     0.87 0.0001920862
        43   1138.9053     29.1377     1692.165     36.03806   0    1.273    0.214  0.537     4.43 0.0009776779
        44   1091.7689     26.5441      1692.35     36.03806   0    1.574    0.365  0.369     3.39 0.0007467231
        45     30.8653     49.9451      1713.36     36.03806   0    1.297    0.229  0.100     6.49  0.001431245
        46   1242.6616     59.9935     1694.615     36.03806   0    1.086    0.079  0.979     3.66 0.0008077564
        47    911.9443     63.9019     1710.195     36.03806   0    2.290    0.563  0.301     7.29  0.001607229
        48   1433.4767     62.0100     1696.227     36.03806   0    1.597    0.374  0.449     3.72 0.0008211043
        49   1972.0150    104.2775      1713.67     36.03806   0    1.632    0.387  0.458     4.69  0.001034033
        50    838.5168     72.4959     1715.058     36.03806   0    4.531    0.779  0.483     4.27 0.0009409338
        51   1530.8143     90.6791     1698.746     36.03806   0    1.120    0.107  0.968     3.46 0.0007640567
        52   1697.9620     87.0061     1704.484     36.03806   0    1.015    0.014  0.698     3.40  0.000750243
        53     60.4695    117.8275     1711.731     36.03806   0    1.107    0.097  0.983     3.71 0.0008180183
        54   1416.5294    107.8030     1699.379     36.03806   0    1.190    0.160  0.923     4.48 0.0009882032
        55   1063.1382    104.0000     1696.918     36.03806   2    2.860    0.650  0.956     5.52  0.001217219
        56   1068.6082    103.8538     1696.377     36.03806   2    1.515    0.340  0.673     2.66 0.0005859415
        57   1950.7209    120.8212     1710.548     36.03806   0    1.078    0.072  0.982     3.53 0.0007781924
        58      1.9900    115.6962     1709.305     36.03806   8    1.133    0.118  0.459     4.10  0.000905308
        59   1350.7496    138.7663     1697.698     36.03806   0    1.150    0.130  0.983     3.34  0.000736875
        60    891.1873    197.2267     1701.636     36.03806   0    1.132    0.117  0.983     3.37 0.0007422333
        61    797.0150    162.9608     1703.706     36.03806   0    1.232    0.189  0.527     4.15  0.000916006
        62    860.5201    202.0497     1702.716     36.03806   0    1.136    0.120  0.927     0.28  6.08821e-05
        63   1539.9769    213.0065     1700.869     36.03806   0    1.081    0.075  0.828     3.40 0.0007498835
        64    945.1120    221.8987       1698.4     36.03806   0    1.316    0.240  0.685     1.52 0.0003356872
        65    714.1741    240.9319      1701.02     36.03806   0    1.166    0.143  0.923     4.86  0.001070872
        66   1493.0104    245.4707     1704.434     36.03806   0    1.318    0.241  0.660     3.77 0.0008315273
        67     77.2626    253.9610     1707.517     36.03806   0    1.146    0.127  0.645     1.18 0.0002595893
        68   1686.9503    264.0224     1701.442     36.03806   0    1.034    0.033  0.938    -3.53 -0.0007790105
        69    495.5642    297.9473     1702.457     36.03806   0    1.143    0.125  0.983     3.38 0.0007446741
        70   1717.2621    301.4224     1702.232     36.03806   0    1.026    0.026  0.983     3.15 0.0006939177
        71     81.6909    302.0654     1706.141     36.03806   0    1.342    0.255  0.479     4.70  0.001035881
        72    208.7312    310.5500     1707.673     36.03806   0    1.257    0.205  0.625     4.30 0.0009476561
        73    531.0068    311.0865     1701.778     36.03806   0    1.080    0.074  0.854    -2.76 -0.0006097811
        74    524.7673    313.0229     1701.368     36.03806   0    1.084    0.077  0.874     3.86 0.0008513075
        75    691.0613    319.9740     1701.916     36.03806   0    1.029    0.029  0.851    -4.06 -0.0008956515
        76   1707.0513    322.0391     1701.786     36.03806   0    1.065    0.061  0.711     1.20 0.0002655432
        77    729.5592    347.7118     1701.628     36.03806   0    1.169    0.145  0.984     3.41 0.0007520582
        78   1595.8209    348.8204     1703.065     36.03806   0    1.118    0.106  0.982     3.26 0.0007188619
        79    238.6930    353.2973     1708.278     36.03806   0    1.144    0.126  0.983     3.59 0.0007914548
        80     44.0892    347.1266     1710.985     36.03806   0    1.159    0.137  0.910    -3.78 -0.0008337636
        81   1013.4326    365.6143     1700.988     36.03806   0    1.081    0.075  0.494     3.17 0.0007001016
        82    267.7499    370.8867     1706.986     36.03806   0    1.286    0.222  0.522     5.62  0.001239153
        83    104.1451    371.0939     1705.168     36.03806   0    1.256    0.204  0.830     3.61 0.0007961403
        84    669.0710    371.5125     1700.688     36.03806   0    1.568    0.362  0.490     3.68   0.00081184
        85    221.0827    409.9756     1709.275     36.03806   0    1.076    0.070  0.984     3.36 0.0007406426
        86    225.7236    383.9846     1707.541     36.03806   0    1.246    0.198  0.647     1.44 0.0003166124
        87    382.9788    425.9468     1706.275     36.03806   0    1.107    0.096  0.984     3.37 0.0007425714
        88   1064.8583    400.0594     1699.166     36.03806   0    1.527    0.345  0.425     3.82 0.0008431468
        89   1374.9910    407.0399     1702.016     36.03806   0    1.010    0.010  0.789     3.42 0.0007545225
        90   1898.9832    411.9793     1701.679     36.03806   0    1.023    0.022  0.736     1.13 0.0002501926
        91    902.0524    413.9664     1701.557     36.03806   0    1.009    0.009  0.974   -13.60 -0.002999526
        92    586.9500    430.2122     1701.536     36.03806   0    1.032    0.031  0.850     3.77 0.0008308535
        93   1478.7598    441.9943     1701.869     36.03806   0    1.353    0.261  0.741     3.79 0.0008355446
        94   1571.0922    461.2892     1702.628     36.03806   0    1.019    0.019  0.980     3.43  0.000756798
        95    375.5143    468.0588     1707.478     36.03806   0    1.121    0.108  0.981     3.28 0.0007236302
        96    744.6625    468.4901      1701.04     36.03806   0    1.252    0.201  0.983     3.64 0.0008032679
        97    231.1720    459.6472     1709.838     36.03806   0    1.152    0.132  0.389     4.06  0.000896459
        98    118.8805    466.9098     1711.798     36.03806   0    1.208    0.172  0.589     3.83 0.0008448736
        99   1242.6659    482.2234     1702.109     36.03806   0    1.084    0.078  0.653     4.10 0.0009033163
       100    194.2011    476.9907     1710.844     36.03806   0    1.611    0.379  0.449     3.82 0.0008434663
       101    717.7899    479.1818     1700.753     36.03806   0    1.160    0.138  0.933     4.11 0.0009067864
       102   1681.8257    489.3262     1702.786     36.03806   0    1.336    0.251  0.948     3.50 0.0007709343
       103    290.8748    488.4617     1709.422     36.03806   0    1.915    0.478  0.489     4.74  0.001046207
       104    169.4917    492.9897     1712.923     36.03806   0    1.620    0.383  0.349     3.75 0.0008280142
       105   1801.0558    497.0101       1701.8     36.03806   0    1.022    0.022  0.473     3.76 0.0008297795
       106   1341.1504    520.8297      1702.24     36.03806   0    1.164    0.141  0.983     3.46 0.0007638457
       107   1685.8169    509.8477     1704.091     36.03806   0    1.293    0.226  0.674     0.94 0.0002073581
       108   1582.8624    512.1251     1702.216     36.03806   0    1.256    0.204  0.738     0.94 0.0002081465
       109     88.7973    526.0253     1714.331     36.03806   0    1.013    0.013  0.957     3.85 0.0008485862
       110   1011.9950    517.9596     1701.171     36.03806   0    1.100    0.091  0.447     4.62  0.001019764
       111    308.0983    545.8169     1711.009     36.03806   0    1.119    0.106  0.984     3.28 0.0007240081
       112   1246.2638    552.7225     1701.027     36.03806   0    1.188    0.158  0.984     3.68 0.0008124709
       113   1604.5222    539.6084     1702.394     36.03806   0    1.107    0.097  0.470     3.81 0.0008412721
       114    372.1501    543.4823     1708.842     36.03806   0    1.760    0.432  0.498     5.60  0.001234873
       115    390.0925    540.9103      1707.46     36.03806   0    1.199    0.166  0.899    -2.84 -0.000626899
       116    401.7227    554.8445     1708.005     36.03806   0    1.241    0.194  0.513     3.35 0.0007392363
       117    599.4089    643.8599     1704.618     36.03806   2    1.457    0.314  0.000    20.73  0.004572943
       118    948.9768    559.5206     1701.293     36.03806   0    1.103    0.093  0.841     2.42 0.0005331371
       119   1039.9456    557.4946     1702.353     36.03806   0    1.605    0.377  0.474     3.74  0.000824098
       120    522.8879    567.1109     1706.032     36.03806   0    1.246    0.197  0.862     3.61 0.0007965196
       121   1452.1266    590.3224     1703.453     36.03806   0    1.090    0.083  0.819     3.75 0.0008279757
       122   1723.2990    584.0007     1701.287     36.03806   0    1.173    0.147  0.645     1.15 0.0002529864
       123   1713.8301    603.5555     1701.203     36.03806   0    1.200    0.167  0.980     3.16 0.0006966924
       124     64.1272    604.0074     1715.843     36.03806   0    1.524    0.344  0.660     5.18  0.001143139
       125    376.9932    612.0186     1708.019     36.03806   0    1.016    0.016  0.380     3.62 0.0007991479
       126    444.1911    614.0789     1706.607     36.03806   0    1.245    0.197  0.493     4.42 0.0009746823
       127   1200.8860    682.7844     1710.159     36.03806   2    1.443    0.307  0.000    20.53   0.00452831
       128   1678.2400    656.3638     1701.634     36.03806   0    1.073    0.068  0.983     3.10 0.0006838444
       129   1745.7432    638.3440     1702.605     36.03806   0    1.181    0.153  0.493     4.84  0.001066755
       130   1572.9661    647.6035     1704.317     36.03806   0    1.357    0.263  0.507     5.84  0.001288401
       131   1951.8044    663.8288     1703.342     36.03806   0    1.308    0.235  0.375     2.03 0.0004485966
       132    366.2135    668.9882     1709.088     36.03806   0    1.100    0.091  0.900     3.90 0.0008607365
       133   1131.8053    676.9774     1702.755     36.03806   0    1.668    0.400  0.491     4.66  0.001027638
       134    815.7642    685.5494     1703.234     36.03806   0    1.229    0.186  0.673     4.40 0.0009711646
       135   1750.1202    701.7991     1700.671     36.03806   0    1.628    0.386  0.496     5.40   0.00119182
       136    465.5436    700.1766     1707.308     36.03806   0    1.333    0.250  0.524     4.13 0.0009108671
       137   1237.1617    699.9366     1709.174     36.03806   0    1.616    0.381  0.491     5.00  0.001103632
       138   1463.8289    726.6858     1703.432     36.03806   0    1.144    0.126  0.983     3.44 0.0007586954
       139   1611.8455    707.6223     1702.813     36.03806   0    1.734    0.423  0.409     3.42 0.0007535107
       140   1057.0829    710.8397     1704.083     36.03806   0    1.257    0.204  0.493     3.13 0.0006911453
       141    207.9637    735.6404     1714.931     36.03806   0    1.099    0.090  0.983     3.32 0.0007327733
       142   1873.6761    733.3543     1702.789     36.03806   0    1.200    0.166  0.069     6.65  0.001467658
       143     40.3991    733.6666     1718.199     36.03806   0    1.126    0.112  0.516     4.26 0.0009401464
       144   1892.2917    754.4922     1702.301     36.03806   0    1.129    0.114  0.982     3.14  0.000691503
       145    338.3607    742.7434     1709.142     36.03806   0    1.725    0.420  0.410     4.52 0.0009968656
       146   1057.6733    752.1349     1705.089     36.03806   0    1.405    0.288  0.453     4.08 0.0008994522
       147   1240.5789    766.5096     1709.094     36.03806   0    1.090    0.083  0.973     3.59 0.0007920832
       148    218.9653    931.5253     1715.279     36.03806   0    1.602    0.376  0.391     2.13 0.0004692775
       149    636.9225   2043.7533     1720.974     36.03806   0    1.156    0.135  0.979     3.50 0.0007712853
       150      1.9265   2044.4019      1738.12     36.03806   8    1.374    0.272  0.494     4.75  0.001046675
       151    567.9729   2043.9988     1722.528     36.03806   0    1.032    0.031  0.472     3.62 0.0007976054
       152    969.9968   2043.0111     1718.009     36.03806   0    1.645    0.392  0.452     3.69 0.0008142962
       153   1651.5520   2039.9979     1706.258     36.03806   0    1.101    0.092  0.945     1.97   0.00043541
       154    296.0100   2031.8046     1729.013     36.03806   0    1.109    0.098  0.984     3.71 0.0008183395
       155    662.7901   2033.5200     1720.555     36.03806   0    1.322    0.244  0.214     5.31  0.001170288
       156   1638.5927   2030.1439     1706.822     36.03806   0    1.722    0.419  0.507     5.65  0.001245808
       157   1250.4435   2027.7540     1712.323     36.03806   0    1.138    0.121  0.981     3.83 0.0008451442
       158      1.9858   2030.0088      1737.88     36.03806   8    1.779    0.438  0.478     4.10 0.0009037835
       159      2.3934   2025.7999     1737.812     36.03806   0    1.711    0.415  0.377     3.40 0.0007506245
       160   1341.3187   2020.3035     1710.292     36.03806   0    1.424    0.298  0.753     4.72  0.001041054
       161      2.7514   2018.0001     1737.645     36.03806  10    2.532    0.605  0.453     4.30  0.000949103
       162    206.3669   2018.3202     1731.542     36.03806   0    1.121    0.108  0.979     3.96 0.0008730949
       163    622.0568   2010.9811     1722.388     36.03806   0    1.054    0.052  0.657     1.85 0.0004071839
       164    900.4911   2006.2544     1718.709     36.03806   0    1.640    0.390  0.654     5.24  0.001154781
       165    809.2057   1991.5101     1720.504     36.03806   0    1.087    0.080  0.989     3.47 0.0007646989
       166   1287.4261   1989.3632      1711.84     36.03806   0    1.087    0.080  0.715     4.45 0.0009808656
       167    530.4656   1982.7028     1724.366     36.03806   0    1.072    0.067  0.988     3.49 0.0007692896
       168    899.3905   1986.9557     1721.196     36.03806   0    1.251    0.201  0.934     1.89 0.0004162596
       169    446.7389   1982.6306     1726.127     36.03806   2    1.348    0.258  0.001    13.94  0.003075234
       170    915.9208   1971.0815     1721.712     36.03806   0    1.099    0.090  0.985     3.58   0.00079016
       171    618.4973   1977.5447      1722.68     36.03806   0    1.387    0.279  0.515     6.16   0.00135863
       172    164.2007   1970.6129     1732.195     36.03806   0    1.124    0.111  0.983     3.72 0.0008205113
       173   1595.6611   1967.5848     1705.923     36.03806   0    1.288    0.224  0.647     1.07 0.0002363987
       174   1093.9348   1958.7063     1717.656     36.03806   0    1.030    0.029  0.644     1.20 0.0002652954
       175   1530.5640   1934.0869     1712.016     36.03806   0    1.134    0.118  0.984     3.87 0.0008526418
       176   1003.6340   1941.5726     1719.106     36.03806   0    1.318    0.241  0.525     3.64 0.0008020499
       177    189.0114   1938.0613     1730.433     36.03806   0    1.354    0.261  0.448     5.32  0.001173047
       178    655.7102   1934.9139       1722.4     36.03806   0    1.158    0.137  0.690     4.37 0.0009643164
       179   1377.0540   1923.0188     1710.231     36.03806   0    1.012    0.012  0.787     3.43  0.000755907
       180    272.4044   1913.2408     1729.767     36.03806   0    1.259    0.205  0.494     4.29 0.0009455134
       181      2.4748   1895.9905     1735.591     36.03806   0    1.558    0.358  0.446     2.54 0.0005597192
       182   1895.9480   1890.5245     1707.908     36.03806   0    1.398    0.285  0.829     3.47 0.0007661776
       183    339.1557   1879.1494     1731.623     36.03806   0    1.071    0.066  0.985     3.42 0.0007534849
       184    145.7069   1876.7672      1731.71     36.03806   0    1.124    0.110  0.977     3.68 0.0008116556
       185    674.9667   1866.8416     1722.461     36.03806   0    2.023    0.506  0.484     3.93 0.0008675435
       186   1572.0078   1866.0413     1711.302     36.03806   0    1.029    0.028  0.781    -4.51 -0.0009941071
       187   1170.4648   1861.9017      1720.47     36.03806   0    1.126    0.112  0.982     3.44 0.0007597826
       188    958.0364   1861.1858     1721.563     36.03806   0    1.093    0.085  0.983     3.29 0.0007254306
       189    138.9025   1858.0000     1732.646     36.03806   2    2.450    0.592  0.816     4.75  0.001047348
       190    135.3056   1857.2498     1732.844     36.03806   2    1.204    0.169  0.923    -0.79 -0.000174396
       191     97.9987   1851.9626     1733.436     36.03806   0    1.023    0.022  0.974     4.19 0.0009247123
       192   1432.6553   1835.5370     1713.714     36.03806   0    1.330    0.248  0.496     5.59  0.001233148
       193    626.1896   1833.2998     1725.725     36.03806   0    1.184    0.155  0.871     1.22 0.0002690067
       194    612.0220   1830.9987     1725.951     36.03806   0    1.024    0.023  0.943     4.20 0.0009268003
       195   1337.8287   1819.3864     1716.794     36.03806   2    1.510    0.338  0.010    10.92  0.002408386
       196     85.9976   1826.0106     1731.928     36.03806   0    1.012    0.012  0.996     4.19 0.0009231262
       197    285.5526   1821.5250     1730.029     36.03806   0    1.346    0.257  0.967     0.28 6.132559e-05
       198    221.0816   1816.4614     1731.567     36.03806   0    1.091    0.084  0.978     3.60 0.0007942257
       199     13.4568   1816.0654     1733.854     36.03806   0    1.324    0.245  0.466     5.65  0.001247176
       200   1572.9906   1814.0050     1711.097     36.03806   0    1.002    0.002  0.997   -63.62  -0.01403278
       201   1465.5681   1805.9801     1713.502     36.03806   0    1.037    0.036  0.248     7.20  0.001587924
       202   1629.0647   1805.9971      1709.92     36.03806   0    1.046    0.044  0.768     1.31 0.0002895343
       203    223.5268   1804.0559     1731.172     36.03806   0    1.086    0.079  0.930     0.36  8.01482e-05
       204   1332.9550   1798.1670     1717.224     36.03806   0    1.565    0.361  0.159     6.61  0.001458652
       205   1885.3306   1784.6591     1708.111     36.03806   0    1.708    0.415  0.414     3.93 0.0008667737
       206    529.4781   1784.0226     1725.395     36.03806   0    1.251    0.201  0.991     0.45 9.855376e-05
       207   1959.1859   1782.6573     1714.247     36.03806   0    1.636    0.389  0.654     0.89 0.0001965617
       208   1219.1890   1758.6324       1730.5     36.03806   2    1.846    0.458  0.443    23.80  0.005248843
       209   1236.6136   1751.4955      1728.93     36.03806   2    1.822    0.451  0.035    18.47  0.004074504
       210   1250.4410   1749.4540     1723.658     36.03806   2    1.185    0.156  0.997    11.30  0.002491611
       211   1959.0603   1761.9724     1715.425     36.03806   0    1.224    0.183  0.837     4.71  0.001037993
       212     31.9550   1764.1875     1733.131     36.03806   0    1.207    0.172  0.740     0.97 0.0002147488
       213    533.7535   1779.0176     1725.086     36.03806   0    1.095    0.087  0.815     3.89 0.0008587033
       214   1720.0228   1753.5034     1706.271     36.03806   0    1.574    0.365  0.360     3.26 0.0007192553
       215   1215.5225   1742.4125     1733.228     36.03806   2    1.144    0.125  0.001     8.14  0.001794626
       216   2045.1848   1745.6816     1715.999     36.03806   0    1.565    0.361  0.433     6.75  0.001488301
       217   1213.6672   1723.6779     1728.519     36.03806   0    1.315    0.239  0.890     3.40 0.0007504509
       218    285.0296   1722.7821     1729.245     36.03806   0    1.108    0.097  0.909    -1.10 -0.0002428021
       219    246.0797   1700.6180     1731.504     36.03806   0    1.212    0.175  0.955     4.09 0.0009028574
       220   1881.8656   1697.9065     1719.655     36.03806   0    1.270    0.212  0.719    -2.26 -0.0004985942
       221    653.7120   1642.1337      1724.01     36.03806   0    1.148    0.129  0.807     3.90  0.000860324
       222   1433.4976   1614.7073      1714.77     36.03806   0    2.061    0.515  0.422     4.67  0.001030492
       223   1074.5131   1198.9675     1726.743     36.03806   2    2.307    0.566  0.525     7.95  0.001752621
       224   1004.7661   1194.3322     1727.793     36.03806   0    1.234    0.190  0.002     9.03  0.001991803
       225    605.4135   1189.5706     1726.397     36.03806   0    1.101    0.092  0.982     3.32 0.0007322385
       226    503.1391   1189.5487     1732.191     36.03806   0    1.169    0.145  0.887     3.88  0.000856314
       227    987.7839   1182.4161     1727.911     36.03806   0    1.667    0.400  0.481     3.44 0.0007581974
       228    542.8127   1143.4446     1724.457     36.03806   2    1.130    0.115  0.984    10.56  0.002329667
       229    505.5056   1177.1243     1735.425     36.03806   2    1.606    0.377  0.000     9.52  0.002100422
       230    509.2197   1173.9261     1737.796     36.03806   2    1.506    0.336  0.954     5.54  0.001222446
       231    210.9284   1151.3636     1722.294     36.03806   0    1.245    0.197  0.488     4.23 0.0009333618
       232    949.0147   1150.0354     1726.789     36.03806   0    1.010    0.010  0.958     4.23 0.0009337995
       233   1568.1025   1176.8923     1711.087     36.03806   0    1.283    0.221  0.444     3.21 0.0007070974
       234   1604.5551   1144.0282     1708.792     36.03806   0    1.454    0.312  0.632     0.28 6.098486e-05
       235    925.5356   1139.3696     1726.013     36.03806   0    1.137    0.120  0.983     3.72 0.0008205376
       236   1598.0126   1142.9520     1708.697     36.03806   0    1.064    0.060  0.827    -0.58 -0.0001288275
       237   1017.9837   1141.9701     1724.482     36.03806   0    1.005    0.005  0.723     3.43 0.0007559845
       238   2014.7894   1140.6068     1716.248     36.03806   0    1.701    0.412  0.484     3.45 0.0007599032
       239   1076.2069   1134.0037     1724.216     36.03806   0    1.614    0.380  0.482     2.80  0.000618614
       240   1642.0061   1127.9971     1707.405     36.03806   0    1.014    0.014  0.996  -146.16  -0.03223552
       241    861.5673   1124.7164     1722.092     36.03806   0    2.704    0.630  0.422     4.71  0.001038851
       242   1219.9436   1122.6907     1719.896     36.03806   0    1.531    0.347  0.647     2.67 0.0005897237
       243    553.1163   1142.9866     1743.901     36.03806   2    2.232    0.552  1.000     9.53  0.002101756
       244   1130.2245   1103.0707     1727.021     36.03806   0    1.096    0.087  0.982     3.31 0.0007303244
       245    267.2990   1094.8960     1720.256     36.03806   0    1.361    0.265  0.283     8.02  0.001769892
       246    126.4094   1082.2444     1723.785     36.03806   0    1.286    0.222  0.620     4.41 0.0009719402
       247    728.0013   1081.9850     1719.658     36.03806   0    1.002    0.002  0.996   -19.99 -0.004409814
       248    483.9998   1062.8168     1721.503     36.03806   0    1.124    0.110  0.470     5.06  0.001116495
       249    441.2874   1056.8096     1719.186     36.03806   0    1.024    0.023  0.984     3.24 0.0007144525
       250   1025.3662   1021.1334     1723.295     36.03806   2    1.264    0.209  0.001    17.53  0.003866445
       251   1201.5770    924.9716     1718.392     36.03806   0    4.087    0.755  0.101     6.36  0.001403601
       252    216.8208    911.6581     1714.651     36.03806   0    1.231    0.188  0.659     1.32 0.0002904816
       253   1426.6212    903.9548     1709.585     36.03806   0    1.270    0.213  0.960     1.40  0.000309271
       254    818.8100    899.6008     1713.686     36.03806   0    1.719    0.418  0.354     3.42 0.0007551392
       255   1863.8779    896.3519     1702.824     36.03806   0    1.121    0.108  0.497     3.89 0.0008586645
       256    271.2617    892.7409     1714.578     36.03806   0    1.434    0.303  0.491     4.40 0.0009695049
       257    763.8351    884.7921     1711.586     36.03806   0    1.219    0.180  0.366     2.58 0.0005686733
       258     59.6796    867.8896     1719.406     36.03806   0    1.288    0.224  0.011     9.92  0.002187624
       259   1853.3572    865.8101     1701.491     36.03806   0    1.740    0.425  0.363     3.43 0.0007576075
       260   1325.8949    864.8514     1713.646     36.03806   0    1.771    0.435  0.515     5.88  0.001295854
       261    415.0051    856.1446     1712.238     36.03806   0    1.091    0.083  0.983     3.23 0.0007123732
       262   1300.3350    854.4747     1713.733     36.03806   0    1.083    0.077  0.984     3.35 0.0007384651
       263    738.2305    847.9028     1707.024     36.03806   0    1.144    0.126  0.984     3.66 0.0008064925
       264    127.3832    849.8027     1716.593     36.03806   0    1.249    0.199  0.683     4.09 0.0009015672
       265    962.2432    844.9686     1710.702     36.03806   0    1.113    0.102  0.983     3.61  0.000795877
       266   1890.3613    846.4627     1703.616     36.03806   0    1.100    0.091  0.980     3.41 0.0007517831
       267   1025.2999    842.7795     1709.536     36.03806   0    1.636    0.389  0.481     5.03  0.001109349
       268    788.2953    820.2325     1704.086     36.03806   0    1.208    0.172  0.654     3.89 0.0008586406
       269      1.6705    808.1746     1719.216     36.03806   8    1.741    0.426  0.464     3.40 0.0007506592
       270    567.2123    802.1118     1704.517     36.03806   0    1.249    0.199  0.491     3.15   0.00069571
       271   1166.5099    795.5114     1710.232     36.03806   0    1.341    0.254  0.276     5.30  0.001168901
       272   1589.6323    788.2668     1705.018     36.03806   0    1.154    0.133  0.984     3.38 0.0007465409
       273   1148.1624    779.9798     1707.653     36.03806   0    1.450    0.310  0.969     4.28 0.0009443337
       274    603.7010    776.9623     1701.199     36.03806   0    1.092    0.084  0.702     1.03  0.000227506
       275   1271.0540    776.0066     1709.325     36.03806   0    1.068    0.063  0.951     4.19 0.0009244198
       276   1920.0658    773.6589      1701.12     36.03806   0    1.081    0.075  0.645     1.32 0.0002912595
       277   1055.3188    771.2208     1706.488     36.03806   0    1.098    0.089  0.942     3.30 0.0007279875
       278   1513.0299    771.0056     1704.783     36.03806   0    1.036    0.034  0.774   -10.95 -0.002414367
       279   1968.2094   1752.9965     1718.622     36.03806   0    1.238    0.192  0.962     4.27 0.0009409587
       280    260.1148    767.8635     1711.773     36.03806   0    1.248    0.199  0.494     4.09 0.0009018892
       281    320.9995    762.6846     1709.586     36.03806   0    1.204    0.169  0.645     0.75  0.000166052
       282   1831.0266   1746.5797     1709.985     36.03806   0    1.499    0.333  0.545     5.02  0.001108237
       283   1065.5029   1753.9333     1721.906     36.03806   0    1.136    0.119  0.983     3.20 0.0007051039
       284   1220.6882   1749.6051     1738.151     36.03806   2    2.395    0.582  0.012     9.07  0.002001283
       285   1256.4910   1749.4904     1740.365     36.03806   2    1.309    0.236  1.000     4.98  0.001097844
       286    166.5507   1724.5052     1729.958     36.03806   0    1.042    0.041  0.442     2.73 0.0006024088
       287    903.0212   1739.0526     1719.531     36.03806   0    1.000    0.000  0.913     4.19 0.0009244722
       288   1430.4299   1712.1100     1712.059     36.03806   0    1.320    0.242  0.359     3.10  0.000682688
       289    511.4103   1699.7841      1726.57     36.03806   0    1.090    0.083  0.981     3.16 0.0006966118
       290   1420.0341   1767.5068     1710.517     36.03806   0    1.131    0.116  0.905     4.10 0.0009036859
       291   1965.7354   1700.2159     1719.681     36.03806   0    1.142    0.124  0.236     6.38  0.001408183
       292   1849.5850   1700.7864     1716.255     36.03806   0    1.160    0.138  0.983     3.61 0.0007951316
       293   1684.0844   1701.3632     1711.828     36.03806   0    1.074    0.069  0.978     3.61 0.0007969248
       294    560.1086   1629.9628     1724.593     36.03806   0    1.041    0.040  0.574     3.50 0.0007716099
       295   1371.5750   1681.5759     1713.487     36.03806   0    3.090    0.676  0.949     7.50  0.001653169
       296    426.8933   1646.9230     1727.008     36.03806   0    1.243    0.196  0.849     3.61 0.0007959057
       297   1835.5857   1647.9536     1720.154     36.03806   0    1.291    0.225  0.308     6.33   0.00139596
       298   1353.1647   1659.9080     1714.276     36.03806   0    1.252    0.201  0.594     4.93  0.001086334
       299   1048.2145   1628.3303     1722.496     36.03806   0    1.138    0.121  0.563     3.98  0.000876952
       300     23.9839   1564.9847     1731.812     36.03806   0    1.018    0.018  0.971     4.12 0.0009097308
       301   1307.0795   1644.3158     1716.357     36.03806   0    1.126    0.112  0.493     3.68 0.0008106937
       302   1995.4213   1647.8726     1719.443     36.03806   0    1.289    0.224  0.841     4.26 0.0009388408
       303   2019.8361   1615.1757     1720.388     36.03806   0    1.304    0.233  0.625     1.24 0.0002743817
       304   1729.3702   1614.8137     1707.999     36.03806   0    1.282    0.220  0.243     4.75  0.001047739
       305    178.8634   1202.7312     1725.725     36.03806   0    1.271    0.213  0.568     6.22  0.001372776
       306   1447.9176   1604.9980     1715.638     36.03806   0    1.044    0.042  0.912    -3.07 -0.0006775212
       307    195.0807   1203.2095     1724.834     36.03806   0    1.094    0.086  0.877     4.10 0.0009051461
       308   1061.2134   1591.1163     1723.146     36.03806   0    1.165    0.142  0.942     3.62 0.0007975536
       309     80.2640   1572.9910     1732.533     36.03806   0    1.057    0.054  0.738     0.69  0.000151632
       310   1151.0164   1233.5686     1727.287     36.03806   0    1.444    0.307  0.978     3.50 0.0007726151
       311   1418.1077   1537.4369     1714.849     36.03806   0    1.088    0.081  0.981     3.21 0.0007076162
       312   1867.9423   1211.3729     1718.667     36.03806   0    1.403    0.287  0.490     5.25  0.001158846
       313   1087.2711   1556.6221      1720.27     36.03806   0    1.048    0.046  0.889     3.81 0.0008394633
       314      1.5640   1264.3652     1729.729     36.03806   8    2.120    0.528  0.421     2.95 0.0006500711
       315   1808.0321   1530.7013      1720.84     36.03806   0    1.064    0.060  0.485     2.71  0.000598224
       316   1019.1930   1232.4111     1727.781     36.03806   2    1.113    0.101  0.983     3.48 0.0007671359
       317   1827.9845   1538.4210     1722.013     36.03806   0    3.899    0.744  0.391     3.48  0.000766972
       318   1833.4241   1522.8538     1723.033     36.03806   0    3.457    0.711  0.446     4.61  0.001016223
       319   1812.0876   1505.0111     1721.182     36.03806   2    1.503    0.335  0.000    11.96   0.00263844
       320    777.1977   1264.8137      1722.69     36.03806   0    1.103    0.094  0.722     4.03  0.000889866
       321   1763.7529   1518.4825     1715.528     36.03806   0    2.037    0.509  0.569     7.89  0.001739143
       322   1085.1903   1266.6078     1726.874     36.03806   0    1.740    0.425  0.479     3.45 0.0007602953
       323   1478.1636   1284.0647     1712.572     36.03806   0    1.175    0.149  0.889     2.15 0.0004732574
       324   1767.1093   1509.3873     1714.969     36.03806   0    1.673    0.402  0.496     6.19  0.001365463
       325   1319.8834   1265.8877     1719.504     36.03806   0    1.263    0.208  0.792     3.65 0.0008060388
       326   1365.6641   1496.8207      1715.94     36.03806   0    1.144    0.126  0.479     4.87  0.001074874
       327    725.6934   1477.5725      1722.54     36.03806   0    1.583    0.368  0.481     6.64  0.001463792
       328   1795.1991   1473.7789     1721.429     36.03806   0    2.835    0.647  0.484     3.19 0.0007046442
       329   1906.9353   1474.7643     1718.724     36.03806   0    1.449    0.310  0.255     5.64  0.001244989
       330    516.6515   1431.8931     1723.463     36.03806   0    1.288    0.224  0.726     4.34 0.0009573002
       331    342.5745   1460.3048     1725.283     36.03806   0    1.239    0.193  0.512     5.02  0.001107821
       332    876.7398   1404.6273     1723.791     36.03806   0    1.400    0.285  0.522     3.88 0.0008556076
       333   1362.3049   1448.3759      1718.67     36.03806   0    1.098    0.089  0.984     3.53 0.0007776733
       334   1481.3774   1427.8180     1713.076     36.03806   0    1.109    0.099  0.983     3.00 0.0006612011
       335   1321.7906   1443.9980     1717.654     36.03806   0    1.049    0.046  0.861     3.82  0.000843094
       336    266.7029   1418.5123     1730.302     36.03806   0    1.006    0.006  0.983     2.97 0.0006559212
       337    444.0753   1391.4095     1725.593     36.03806   0    1.295    0.228  0.951     4.69  0.001034638
       338      2.2315   1390.2184     1731.523     36.03806   8    2.147    0.534  0.451     3.79 0.0008365649
       339    193.9285   1421.4626     1730.836     36.03806   0    1.117    0.105  0.966     3.16 0.0006975572
       340    117.4323   1405.8855     1729.118     36.03806   0    1.179    0.152  0.524     4.23 0.0009326506
       341   1102.8088   1403.9952     1723.761     36.03806   0    1.029    0.028  0.942     3.51 0.0007748264
       342   1638.4473   1405.9509     1709.293     36.03806   0    1.176    0.150  0.472     2.45  0.000541024
       343   1942.9611   1392.8226     1716.834     36.03806   0    1.145    0.127  0.984     0.89 0.0001968724
       344   1279.3137   1349.0363     1718.023     36.03806   0    1.287    0.223  0.403     2.21 0.0004875674
       345   1764.4110   1294.2235     1719.666     36.03806   0    1.632    0.387  0.427     3.43 0.0007556032
       346   1064.1689   1295.6134     1727.435     36.03806   0    1.722    0.419  0.401     1.73 0.0003805275
       347    121.4776   1361.8623     1729.238     36.03806   0    1.331    0.249  0.318     8.42  0.001857594
       348     11.8717   1346.1272     1730.792     36.03806   0    1.165    0.142  0.713     3.28 0.0007230837
       349    919.5887   1330.7018     1724.375     36.03806   0    1.050    0.047  0.983     3.29 0.0007264765
       350   1055.6663   1331.5270     1727.171     36.03806   0    1.328    0.247  0.519     4.76   0.00104885
       351    824.9752   1353.1002     1722.525     36.03806   0    1.207    0.172  0.758     3.52 0.0007761428
       352   1041.0410   1320.9167     1726.995     36.03806   0    1.063    0.059  0.936     4.32  0.000951766
       353     94.7454   1323.2368     1730.178     36.03806   0    1.049    0.047  0.985     3.15 0.0006941586
       354    285.4962   1319.6340     1725.067     36.03806   0    1.078    0.072  0.980     3.38 0.0007462623
       355   1576.4508   1315.2854     1711.042     36.03806   0    1.689    0.408  0.419     2.66   0.00058607
       356      1.5986   1303.3032     1730.326     36.03806   8    2.169    0.539  0.472     4.08 0.0009006719
       357   1493.7888   1284.1588     1712.115     36.03806   0    1.224    0.183  0.771     0.93 0.0002050274
       358   1845.8712   1285.1477     1720.503     36.03806   0    1.409    0.290  0.640     4.07 0.0008969942
       359   1588.7169   1306.3549      1711.23     36.03806   0    1.361    0.265  0.997     3.54 0.0007798871
       360   1113.5271   1268.8920     1727.861     36.03806   0    1.793    0.442  0.274     4.37  0.000963459
       361   1615.0259   1263.0027     1705.122     36.03806   0    1.485    0.326  0.712     1.48 0.0003259571
       362    501.3413   1248.6494     1724.156     36.03806   0    1.669    0.401  0.444     2.51 0.0005532227
       363    570.1483   1238.6119     1723.453     36.03806   0    1.277    0.217  0.890     1.76  0.000388231
       364   1836.5509   1214.8422     1718.565     36.03806   0    1.219    0.180  0.963     3.64 0.0008030923
       365    345.6961   1219.3202      1725.59     36.03806   0    1.618    0.382  0.657     2.99 0.0006598496
       366    500.1823   1160.9623     1736.447     36.03806   0    1.306    0.234  0.697     4.89  0.001079323
       367   1543.1199   1205.1967     1713.521     36.03806   0    1.246    0.198  0.653     1.25 0.0002760359
       368    281.8694   1160.0750     1720.443     36.03806   0    1.255    0.203  0.464     3.84 0.0008469975
       369    444.2861   1127.8416     1721.886     36.03806   0    1.057    0.054  0.902     3.67 0.0008092081
       370   1148.6869   1111.9404     1727.519     36.03806   0    2.173    0.540  0.131     7.98  0.001760526
       371    770.0144   1100.0040     1722.185     36.03806   0    1.029    0.028  0.994   -20.14 -0.004441628
       372   1074.1018   1125.6696     1725.475     36.03806   0    2.461    0.594  0.483     3.94 0.0008684194
       373   1987.1226   1173.1394     1714.786     36.03806   0    1.130    0.115  0.858     4.06 0.0008949622
       374   1861.6710   1066.8674     1715.532     36.03806   0    1.230    0.187  0.889     4.49 0.0009900802
       375   1524.6680   1153.3867     1711.737     36.03806   0    1.143    0.125  0.984     3.49 0.0007700502
       376    184.7547   1086.5283     1721.292     36.03806   0    1.381    0.276  0.260     4.99  0.001100693
       377    263.0090   1103.2344     1720.682     36.03806   0    1.178    0.151  0.335     7.56  0.001666921
       378   1167.6115   1088.9576         1727     36.03806   0    1.515    0.340  0.376     4.65  0.001026389
       379      2.4269   1014.7014     1723.481     36.03806   8    2.049    0.512  0.108    10.43  0.002300038
       380    254.9956   1016.0602     1719.369     36.03806   0    1.034    0.032  0.851     1.21  0.000265826
       381   2028.0317   1009.2034     1712.531     36.03806   0    1.020    0.020  0.823    -0.71 -0.000156346
       382    115.3189   1005.4421     1719.629     36.03806   0    1.089    0.082  0.927     4.08 0.0008993096
       383   1182.2145   1049.0529     1724.748     36.03806   0    1.606    0.377  0.053     8.58  0.001892471
       384    729.0989   1007.0812     1717.958     36.03806   0    1.201    0.167  0.784    -0.90 -0.0001986707
       385    219.9992   1006.9042     1719.542     36.03806   0    1.070    0.065  0.992     4.30 0.0009484685
       386   1635.5134   1006.0063     1706.479     36.03806   0    1.583    0.368  0.351     2.54 0.0005596318
       387    331.4103   1003.6876     1717.384     36.03806   0    1.162    0.140  0.389     2.78 0.0006126147
       388   1936.9756   1042.7170     1719.642     36.03806   0    1.289    0.224  0.822     4.53  0.000998129
       389    150.6355   1073.6997     1723.021     36.03806   0    1.290    0.225  0.451     5.05  0.001113068
       390   1175.4352   1063.4578     1725.965     36.03806   0    1.312    0.238  0.497     4.63  0.001021596
       391   1988.8511   1064.7618     1719.301     36.03806   0    1.071    0.066  0.983     3.29 0.0007252709
       392    893.6523   1056.2150     1720.144     36.03806   0    1.037    0.036  0.825     4.52 0.0009970732
       393   1263.0416   1048.9193      1718.64     36.03806   0    1.504    0.335  0.980     3.39 0.0007475839
       394     40.9183   1041.4752     1722.468     36.03806   0    1.550    0.355  0.495     3.94 0.0008683272
       395    676.5196   1002.5034     1719.907     36.03806   0    1.360    0.265  0.425     3.83 0.0008438707
       396    153.7825   1034.9749     1723.411     36.03806   0    1.481    0.325  0.010     9.48   0.00209143
       397   1576.8644   1031.1749     1709.729     36.03806   0    1.125    0.111  0.984     3.40 0.0007501167
       398    505.9523   1036.0846      1717.86     36.03806   0    1.209    0.173  0.884    -1.79 -0.0003949364
       399   1653.2872   1045.3772     1706.599     36.03806   0    1.226    0.184  0.950     4.12 0.0009090872
       400   1549.1298   1017.9040     1709.031     36.03806   0    1.133    0.117  0.983     3.32  0.000731413
       401    213.1913    996.4888     1719.482     36.03806   0    1.401    0.286  0.453     3.66 0.0008071416
       402    100.6158    995.5994     1719.751     36.03806   0    1.521    0.343  0.430     4.15  0.000914741
       403    184.1218    994.1364     1719.441     36.03806   0    1.177    0.151  0.830    -2.36 -0.0005206212
       404    859.6442    928.4931     1714.169     36.03806   0    1.732    0.423  0.480     4.60  0.001014495
       405   1914.2661    988.3111      1714.54     36.03806   0    1.160    0.138  0.913     4.62  0.001019457
       406    186.0139    989.0083     1720.581     36.03806   0    1.019    0.019  0.933   -18.77 -0.004140805
       407   1179.2242    987.8251     1721.566     36.03806   0    2.846    0.649  0.485     3.43 0.0007575732
       408    183.8388    927.3213     1716.584     36.03806   0    1.310    0.237  0.572     6.45  0.001422626
       409   1670.9783    984.5403     1705.601     36.03806   0    1.264    0.209  0.981     3.22 0.0007105834
       410    264.7371    985.5762     1717.965     36.03806   0    1.222    0.182  0.562     5.51  0.001214414
       411    128.3075    986.0690     1717.295     36.03806   0    1.214    0.176  0.831     0.88  0.000194503
       412     31.6876    976.9601     1722.176     36.03806   0    1.018    0.018  0.984     3.14 0.0006930672
       413    691.3449    979.6594     1717.876     36.03806   0    1.674    0.403  0.689     3.96 0.0008723726
       414   1280.0718    977.6260     1716.936     36.03806   0    1.519    0.342  0.631     4.43 0.0009768067
       415    712.1108    978.7444     1717.033     36.03806   0    1.114    0.102  0.578     5.89  0.001299671
       416    430.8165    975.1600     1714.622     36.03806   0    2.398    0.583  0.442     4.72   0.00104128
       417   1351.3613    970.8657     1713.768     36.03806   0    1.117    0.105  0.983     3.30 0.0007287247
       418   1185.5088    962.7294     1720.212     36.03806   0    1.204    0.169  0.937     3.73  0.000823474
       419    350.0692    957.5529     1714.927     36.03806   0    1.911    0.477  0.270     8.31  0.001832085
       420   1236.6095    958.2148      1717.32     36.03806   0    1.712    0.416  0.468     3.42 0.0007545986
       421     96.9162    953.1722     1720.267     36.03806   0    1.484    0.326  0.498     5.64  0.001243379
       422      7.4216    950.1094     1721.415     36.03806   0    1.171    0.146  0.654     1.61 0.0003556251
       423   1188.9836    946.8625     1722.253     36.03806   0    1.112    0.101  0.411     5.14  0.001132588
       424      9.0270    945.7678     1721.301     36.03806   0    1.164    0.141  0.952     1.04 0.0002300559
       425      2.1681    943.7976     1721.393     36.03806   8    1.343    0.256  0.442     3.85 0.0008500576
       426   1865.0518    935.2952     1705.922     36.03806   0    1.174    0.148  0.520     3.27 0.0007216461
         1   1869.9446      3.6804     237912.7     139433.6   4    1.267    0.211  0.470     0.00            0
         2      8.5336      1.3624     235429.1     139433.6  14   12.503    0.920  1.000     0.00            0
         3    230.9283      1.9983       234278     139433.6  14    5.417    0.815  1.000     0.00            0
         4    434.5903      1.3308     235009.4     139433.6  14  713.704    0.999  0.014     0.00            0
         5    926.8842      1.2649     235113.3     139433.6  14   42.319    0.976  0.983     0.00            0
         6   1052.4349      1.3046     235012.5     139433.6  14   32.451    0.969  0.984     0.00            0
         7    945.4008      1.2822       235113     139433.6  14   12.529    0.920  1.000     0.00            0
         8    962.1639      1.2228     235111.7     139433.6  14    9.545    0.895  1.000     0.00            0
         9   1038.1033      1.0805     235027.9     139433.6  14    6.105    0.836  1.000     0.00            0
        10   1030.4363      1.3050     235036.8     139433.6  14    4.907    0.796  1.000     0.00            0
        11    978.6403      1.0000       235093     139433.6  14    6.976    0.857  1.000     0.00            0
        12    987.9431      1.2765       235083     139433.6  14    5.999    0.833  1.000     0.00            0
        13   1021.8729      1.2740     235045.6     139433.6  14    2.148    0.534  1.000     0.00            0
        14   1015.8947      1.3333     235052.2     139433.6  14    3.351    0.702  1.000     0.00            0
        15    996.9709      1.2794     235073.1     139433.6  14    3.295    0.697  1.000     0.00            0
        16   1009.6966      1.2881     235058.8     139433.6  14    2.207    0.547  1.000     0.00            0
        17   1005.8103      1.2819     235063.2     139433.6  14    1.643    0.391  1.000     0.00            0
        18   1002.0456      1.1892     235067.6     139433.6  14    2.056    0.514  1.000     0.00            0
        19   1389.4432      1.3314       235678     139433.6  14    3.188    0.686  0.861     0.00            0
        20   1377.3834      1.3302     235799.2     139433.6  14    5.584    0.821  0.975     0.00            0
        21   1283.0219      1.0000     236135.2     139433.6  14    2.190    0.543  0.796     0.00            0
        22   1279.0925      1.0000       236136     139433.6  14    4.133    0.758  0.784     0.00            0
        23   1298.6776      1.2525     236131.8     139433.6  14    3.583    0.721  0.891     0.00            0
        24   1290.7759      1.2310     236133.5     139433.6  14    5.368    0.814  0.935     0.00            0
        25   1348.4648      1.1657     236091.9     139433.6  14    4.420    0.774  0.999     0.00            0
        26   1340.0383      1.2556     236123.2     139433.6  14    3.094    0.677  0.726     0.00            0
        27   1321.5989      1.0000       236127     139433.6  14    3.869    0.742  0.880     0.00            0
        28   1333.6733      1.1147     236124.5     139433.6  14    3.301    0.697  0.943     0.00            0
        29   1327.8850      1.1846     236125.8     139433.6  14    3.776    0.735  0.900     0.00            0
        30   1369.4318      1.1622     235879.9     139433.6  14    4.411    0.773  0.980     0.00            0
        31   1362.4889      1.2302     235950.6     139433.6  14    2.121    0.529  0.997     0.00            0
        32   1356.9669      1.0000     236001.1     139433.6  14    3.685    0.729  0.931     0.00            0
        33   1310.4822      1.0000     236129.5     139433.6  14    6.075    0.835  0.971     0.00            0
        34   1305.9365      1.0000     236130.4     139433.6  14    2.174    0.540  0.996     0.00            0
        35   1266.8290      1.2993     236138.5     139433.6  14    8.525    0.883  0.974     0.00            0
        36   1236.7875      1.3083     236144.8     139433.6  14    5.221    0.808  0.953     0.00            0
        37   1243.7659      1.1052     236143.4     139433.6  14    3.505    0.715  0.791     0.00            0
        38   1249.1793      1.2784     236142.3     139433.6  14    1.699    0.411  0.991     0.00            0
        39   1253.0118      1.0000     236141.5     139433.6  14    2.941    0.660  0.884     0.00            0
        40   1200.6200      1.2935     236001.9     139433.6  14    6.550    0.847  0.935     0.00            0
        41   1211.9673      1.1269       236103     139433.6  14    4.836    0.793  0.898     0.00            0
        42   1228.6282      1.2418     236146.5     139433.6  14    2.610    0.617  0.861     0.00            0
        43   1223.0004      1.0000     236147.8     139433.6  14    2.315    0.568  0.666     0.00            0
        44   1219.0107      1.0000     236148.6     139433.6  14    1.719    0.418  0.901     0.00            0
        45   1188.9786      1.3306     235891.5     139433.6  12    1.527    0.345  0.950     0.00            0
        46   1181.6709      1.2277     235827.1     139433.6  12    4.578    0.782  0.825     0.00            0
        47   1172.9159      1.1697     235744.3     139433.6  14    2.807    0.644  0.760     0.00            0
        48   1161.7515      1.2983     235643.2     139433.6  12    3.594    0.722  0.709     0.00            0
        49   1885.9294     22.2747     238031.8     139433.6   6    1.371    0.271  0.484     0.00            0
        50    411.7971     29.1963     229336.5     139433.6   4    1.133    0.118  0.536     0.00            0
        51   2044.1029     25.8603     239926.4     139433.6   4    1.241    0.194  0.931     0.00            0
        52   1605.2156     32.5869       239194     139433.6   4    1.135    0.119  0.505     0.00            0
        53   1902.6345     37.2359     239209.7     139433.6   4    1.454    0.312  0.447     0.00            0
        54    303.6940     74.4847     229859.9     139433.6   4    2.536    0.606  0.463     0.00            0
        55     60.5079    118.1751     227546.3     139433.6   4    1.509    0.337  0.507     0.00            0
        56   1351.2615    138.5831     238039.5     139433.6   4    1.691    0.409  0.367     0.00            0
        57    891.0607    197.2443     237801.3     139433.6   4    1.087    0.080  0.977     0.00            0
        58     85.1275    217.5860     233577.9     139433.6   4    1.281    0.220  0.475     0.00            0
        59    101.3247    233.9557     234020.5     139433.6   6    2.594    0.615  0.468     0.00            0
        60    117.7337    253.4221     233495.5     139433.6   6    1.533    0.348  0.534     0.00            0
        61   1789.8176    278.6111     238722.2     139433.6   4    1.325    0.245  0.547     0.00            0
        62   1807.4767    296.1931     239662.3     139433.6   4    1.768    0.434  0.167     0.00            0
        63   1717.3442    301.5298     237712.3     139433.6   4    1.920    0.479  0.521     0.00            0
        64   1823.6847    312.4113     234818.8     139433.6   4    1.249    0.200  0.237     0.00            0
        65    729.2549    347.3290     231425.3     139433.6   4    1.327    0.246  0.428     0.00            0
        66   1408.1847    370.7659     236337.2     139433.6   4    1.175    0.149  0.023     0.00            0
        67    815.3149    377.6740     238181.6     139433.6   6    1.311    0.237  0.370     0.00            0
        68   1421.7762    388.5075     237804.1     139433.6   6    1.896    0.473  0.532     0.00            0
        69    813.3248    379.6590     238719.5     139433.6   6    1.580    0.367  0.360     0.00            0
        70    112.3763    389.2477     237661.7     139433.6   4    1.247    0.198  0.462     0.00            0
        71    831.6097    394.7365     238635.9     139433.6   4    1.502    0.334  0.371     0.00            0
        72   1438.7590    404.1913     233051.2     139433.6   6    2.024    0.506  0.399     0.00            0
        73   1450.4664    404.8593     233785.6     139433.6   4    1.104    0.094  0.134     0.00            0
        74   1442.3438    405.8208     232621.6     139433.6   6    1.659    0.397  0.547     0.00            0
        75    221.1842    409.9235     231066.5     139433.6   4    1.079    0.073  0.702     0.00            0
        76   1468.8109    423.6145     234123.6     139433.6   6    1.402    0.287  0.500     0.00            0
        77    382.7889    425.6231       234712     139433.6   4    1.605    0.377  0.471     0.00            0
        78   1483.7770    438.8136     231229.5     139433.6   4    1.050    0.048  0.074     0.00            0
        79   1342.1771    520.3837     236762.9     139433.6   4    1.677    0.404  0.487     0.00            0
        80    308.1518    545.9278     239654.3     139433.6   4    1.128    0.114  0.962     0.00            0
        81   1246.7175    552.4087     238322.8     139433.6   4    1.466    0.318  0.665     0.00            0
        82    924.3925    608.8587     238760.7     139433.6   4    1.199    0.166  0.074     0.00            0
        83    939.9873    626.1146     235523.3     139433.6   4    1.562    0.360  0.170     0.00            0
        84    957.6562    643.2608       230126     139433.6   4    1.054    0.051  0.028     0.00            0
        85   1678.4181    656.2385     238406.5     139433.6   4    1.759    0.432  0.399     0.00            0
        86   1073.9956    693.8229     236131.6     139433.6   4    1.054    0.051  0.691     0.00            0
        87   1090.4292    711.8447     231451.8     139433.6   4    1.112    0.101  0.227     0.00            0
        88   1401.3877    722.3438     236920.6     139433.6   4    1.409    0.290  0.536     0.00            0
        89   1106.7090    727.8248       227629     139433.6   4    1.209    0.173  0.600     0.00            0
        90   1416.7611    740.0817     237534.8     139433.6   6    1.727    0.421  0.540     0.00            0
        91   1267.5695    734.8751     242566.1     139433.6   4    1.414    0.293  0.481     0.00            0
        92   1079.2714    750.5333     232626.2     139433.6   4    1.187    0.157  0.020     0.00            0
        93   1511.1407    744.8975     241501.1     139433.6   4    1.317    0.240  0.354     0.00            0
        94   1283.5286    753.0554     233968.4     139433.6   4    1.267    0.210  0.489     0.00            0
        95   1882.5383    762.0129     240508.4     139433.6   6    2.025    0.506  0.011     0.00            0
        96   1433.9275    756.4014     241100.2     139433.6   4    1.204    0.169  0.530     0.00            0
        97    533.3129   1194.9242     236276.2     139433.6   6    2.509    0.602  0.479     0.00            0
        98    296.1703   2031.4121     234812.1     139433.6   4    1.297    0.229  0.802     0.00            0
        99    530.6849   1982.9961     234281.1     139433.6   4    1.212    0.175  0.970     0.00            0
       100    915.7849   1971.0791     234247.2     139433.6   4    1.171    0.146  0.982     0.00            0
       101   1993.5360   1965.3018     239052.2     139433.6   6    1.603    0.376  0.356     0.00            0
       102   1978.4431   1949.8000       243325     139433.6   6    1.407    0.289  0.213     0.00            0
       103   1530.4684   1933.9645     236944.6     139433.6   4    1.180    0.152  0.975     0.00            0
       104   1961.0679   1934.0817     239827.3     139433.6   4    1.343    0.256  0.059     0.00            0
       105    339.3242   1879.4355     232921.2     139433.6   4    1.167    0.143  0.980     0.00            0
       106   1152.1565   1810.9670     232879.9     139433.6   4    1.730    0.422  0.503     0.00            0
       107   1135.2977   1794.0377     238328.5     139433.6   4    1.065    0.061  0.486     0.00            0
       108    552.6959   1143.0571       248477     139433.6   6    2.159    0.537  0.963     0.00            0
       109   1882.2661   1134.0345       243475     139433.6   6    1.208    0.172  0.551     0.00            0
       110    925.7758   1138.8590     237444.1     139433.6   4    1.411    0.292  0.575     0.00            0
       111   1130.1500   1102.9714     244131.1     139433.6   4    1.341    0.254  0.982     0.00            0
       112    441.3329   1057.0437     235260.8     139433.6   4    1.339    0.253  0.878     0.00            0
       113   1216.5938   1051.9005     240505.4     139433.6   4    1.961    0.490  0.478     0.00            0
       114    546.3314   1209.6654     243358.7     139433.6   6    1.570    0.363  0.518     0.00            0
       115    267.0662   1418.2778     243555.3     139433.6   4    1.421    0.296  0.507     0.00            0
       116    548.6495   1211.6810     242126.8     139433.6   6    2.346    0.574  0.503     0.00            0
       117   1019.8983   1232.4141     245509.3     139433.6   4    1.413    0.292  0.603     0.00            0
       118   1265.5133   1221.3398     240570.6     139433.6   4    1.902    0.474  0.460     0.00            0
       119   1443.3287   1253.7029     231440.9     139433.6   6    1.949    0.487  0.464     0.00            0
       120   1461.2211   1270.8948     230459.6     139433.6   4    1.504    0.335  0.675     0.00            0
       121    290.0002   1319.6349     234593.7     139433.6   4    1.187    0.157  0.223     0.00            0
       122   1233.5065   1290.4736     242803.1     139433.6   6    1.727    0.421  0.465     0.00            0
       123   1229.4780   1291.1115     240782.1     139433.6   6    1.511    0.338  0.507     0.00            0
       124     94.7579   1323.4233     236857.5     139433.6   4    1.495    0.331  0.426     0.00            0
       125    920.3622   1331.1458     243574.3     139433.6   4    1.232    0.188  0.590     0.00            0
       126    306.2429   1335.8014       235471     139433.6   4    1.083    0.077  0.255     0.00            0
       127    273.7339   1302.3112     246807.5     139433.6   4    1.194    0.163  0.491     0.00            0
       128   1246.9601   1306.0822     238597.9     139433.6   4    1.077    0.071  0.102     0.00            0
       129   1230.8292   1287.2596     241194.5     139433.6   6    2.204    0.546  0.529     0.00            0
       130   1213.7572   1271.4244     233409.9     139433.6   4    1.306    0.234  0.152     0.00            0
       131   1773.7432   1236.0822       239612     139433.6   4    1.198    0.165  0.212     0.00            0
       132   1428.2577   1237.2771     236380.2     139433.6   4    1.542    0.351  0.277     0.00            0
       133   1755.9275   1219.0564     235661.1     139433.6   4    1.728    0.421  0.180     0.00            0
       134    514.4293   1177.0134     234336.5     139433.6   4    1.190    0.159  0.506     0.00            0
       135    542.9896   1143.5476       242344     139433.6   6    1.093    0.085  0.987     0.00            0
       136   1866.2996   1118.3724     241777.7     139433.6   4    1.271    0.213  0.006     0.00            0
       137   1988.8452   1064.6705     235194.3     139433.6   4    1.187    0.158  0.654     0.00            0
       138   1739.9091   1202.5576     236096.6     139433.6   4    1.138    0.121  0.518     0.00            0
       139   1201.8041   1035.7356     233225.8     139433.6   4    2.189    0.543  0.360     0.00            0
       140   1577.0549   1031.1394     231800.6     139433.6   4    1.021    0.020  0.830     0.00            0
       141   1362.3699   1448.3654     240597.8     139433.6   4    1.355    0.262  0.969     0.00            0
       142   1119.6622   1534.6382     238865.9     139433.6   4    1.669    0.401  0.396     0.00            0
       143   1549.2825   1017.5833     233907.7     139433.6   4    1.145    0.127  0.520     0.00            0
       144   1184.0768   1018.0245     243633.3     139433.6   4    1.046    0.044  0.490     0.00            0
       145   1590.3157    985.2751     233396.3     139433.6   4    1.448    0.310  0.474     0.00            0
       146     31.5898    976.1374     231775.2     139433.6   4    1.253    0.202  0.523     0.00            0
       147   1917.0060    971.0115     237637.5     139433.6   4    1.651    0.394  0.445     0.00            0
       148   1571.6497    969.2303     236049.2     139433.6   6    2.304    0.566  0.564     0.00            0
       149   1556.0283    952.9971     238739.3     139433.6   6    1.259    0.206  0.498     0.00            0
       150   1558.2480    950.4097     240536.5     139433.6   6    1.948    0.487  0.460     0.00            0
       151     52.6403    931.5906       228426     139433.6   4    1.201    0.167  0.495     0.00            0
       152    329.9823    925.0301     240020.6     139433.6   4    1.734    0.423  0.487     0.00            0
       153     35.5602    915.0820     230732.9     139433.6   4    1.401    0.286  0.510     0.00            0
       154    312.8189    905.7916     236317.8     139433.6   4    1.377    0.274  0.485     0.00            0
       155     18.3517    897.3389     234754.1     139433.6   4    1.104    0.095  0.127     0.00            0
       156    979.8262    876.0586     244875.7     139433.6   4    1.287    0.223  0.483     0.00            0
       157    415.0195    856.2240       232916     139433.6   4    1.141    0.124  0.978     0.00            0
       158    738.9324    847.7944       236512     139433.6   4    1.176    0.149  0.466     0.00            0
       159    962.5711    844.7863     238909.7     139433.6   4    1.247    0.198  0.953     0.00            0
       160     72.0929    833.8387     233635.2     139433.6   4    1.248    0.199  0.360     0.00            0
       161     56.2242    817.5500       235721     139433.6   4    1.249    0.199  0.528     0.00            0
       162   1923.1688    811.4489     234562.5     139433.6   6    1.952    0.488  0.486     0.00            0
       163   1917.5205    795.5027     234730.1     139433.6   6    2.146    0.534  0.627     0.00            0
       164   1913.8257    796.3267     238563.9     139433.6   6    1.904    0.475  0.352     0.00            0
       165   1903.3193    796.2670     243392.6     139433.6   4    1.788    0.441  0.495     0.00            0
       166   1590.1174    787.9711     235154.9     139433.6   4    1.365    0.268  0.584     0.00            0
       167   1111.0449    783.4070     239857.4     139433.6   6    1.914    0.478  0.241     0.00            0
       168   1899.5383    781.0184     240887.8     139433.6   6    2.117    0.528  0.489     0.00            0
       169   1888.7992    778.0930     247045.8     139433.6   6    1.580    0.367  0.181     0.00            0
       170   1895.4521    777.3254     243126.2     139433.6   6    1.384    0.278  0.503     0.00            0
       171   1099.0376    767.9386     240160.5     139433.6   6    2.609    0.617  0.569     0.00            0
       172   1095.1385    767.3569     238973.1     139433.6   6    1.680    0.405  0.519     0.00            0
       173   1300.8732    769.0222     231112.4     139433.6   4    1.132    0.117  0.512     0.00            0
       174   1250.2208   1747.6039       241501     139433.6   6    1.382    0.277  0.973     0.00            0
       175   1880.1665    759.3865     238140.4     139433.6   6    1.625    0.385  0.561     0.00            0
       176   1505.7524   1644.9249     235428.9     139433.6   4    1.245    0.197  0.504     0.00            0
       177   1252.0225   1750.6829     243149.1     139433.6   6    1.844    0.458  0.985     0.00            0
       178   1538.2565   1678.1534     241232.1     139433.6   4    1.767    0.434  0.484     0.00            0
       179   1066.2327   1753.9231     232940.7     139433.6   4    1.235    0.190  0.440     0.00            0
       180   1849.1537   1700.3593     241591.9     139433.6   4    1.710    0.415  0.469     0.00            0
       181    260.1385   1744.1255       242805     139433.6   4    1.336    0.251  0.362     0.00            0
       182     62.6517   1724.9248     236826.5     139433.6   6    1.764    0.433  0.515     0.00            0
       183    244.0271   1726.6500     239156.4     139433.6   4    1.510    0.338  0.494     0.00            0
       184     46.2685   1705.1145     237002.1     139433.6   6    1.602    0.376  0.498     0.00            0
       185     29.1768   1690.5931     235595.8     139433.6   4    1.177    0.150  0.104     0.00            0
       186   1522.1970   1662.7657     240953.6     139433.6   4    1.808    0.447  0.342     0.00            0
       187   1524.9259   1153.3231     234155.4     139433.6   4    1.134    0.118  0.453     0.00            0
       188   1900.2361   1152.7253     239689.1     139433.6   6    1.422    0.297  0.088     0.00            0
       189   1641.9518   1172.0096     241181.5     139433.6   4    1.016    0.016  0.427     0.00            0
